Td 	 Time	RES_WIND	RES_SOLAR	RES_HYDRO	ADO	ULP	LPG	WOOD	HYDRO	THERMAL	IPP_SOLAR	PV	WIND_ONSHORE	HYDRO_RIVER	GRID	BESS_Pin	BESS_Pout	DIESEL_STORAGE_Pin	DIESEL_STORAGE_Pout	END_USE	
 1 	 1	0.000000	0.000000	0.000000	0.000000	0.000000	0.000000	0.000000	0.000000	0.000000	0.000000	0.000000	0.000000	0.000000	0.010417	-0.000000	0.000000	-0.000000	0.000000	-0.010417	
 1 	 2	0.000000	0.000000	0.000000	0.000000	0.000000	0.000000	0.000000	0.000000	0.000000	0.000000	0.000000	0.000000	0.000000	0.010417	-0.000000	0.000000	-0.000000	0.000000	-0.010417	
 1 	 3	0.000000	0.000000	0.000000	0.000000	0.000000	0.000000	0.000000	0.000000	0.000000	0.000000	0.000000	0.000000	0.000000	0.010417	-0.000000	0.000000	-0.000000	0.000000	-0.010417	
 1 	 4	0.000000	0.000000	0.000000	0.000000	0.000000	0.000000	0.000000	0.000000	0.000000	0.000000	0.000000	0.000000	0.000000	0.010417	-0.000000	0.000000	-0.000000	0.000000	-0.010417	
 1 	 5	0.000000	0.000000	0.000000	0.000000	0.000000	0.000000	0.000000	0.000000	0.000000	0.000000	0.000000	0.000000	0.000000	0.010417	-0.000000	0.000000	-0.000000	0.000000	-0.010417	
 1 	 6	0.000000	0.000000	0.000000	0.000000	0.000000	0.000000	0.000000	0.000000	0.000000	0.000000	0.000000	0.000000	0.000000	0.010417	-0.000000	0.000000	-0.000000	0.000000	-0.010417	
 1 	 7	0.000000	0.000000	0.000000	0.000000	0.000000	0.000000	0.000000	0.000000	0.000000	0.000000	0.000000	0.000000	0.000000	0.010417	-0.000000	0.000000	-0.000000	0.000000	-0.010417	
 1 	 8	0.000000	0.000000	0.000000	0.000000	0.000000	0.000000	0.000000	0.000000	0.000000	0.000000	0.000000	0.000000	0.000000	0.010417	-0.000000	0.000000	-0.000000	0.000000	-0.010417	
 1 	 9	0.000000	0.000000	0.000000	0.000000	0.000000	0.000000	0.000000	0.000000	0.000000	0.000000	0.000000	0.000000	0.000000	0.010417	-0.000000	0.000000	-0.000000	0.000000	-0.010417	
 1 	 10	0.000000	0.000000	0.000000	0.000000	0.000000	0.000000	0.000000	0.000000	0.000000	0.000000	0.000000	0.000000	0.000000	0.010417	-0.000000	0.000000	-0.000000	0.000000	-0.010417	
 1 	 11	0.000000	0.000000	0.000000	0.000000	0.000000	0.000000	0.000000	0.000000	0.000000	0.000000	0.000000	0.000000	0.000000	0.010417	-0.000000	0.000000	-0.000000	0.000000	-0.010417	
 1 	 12	0.000000	0.000000	0.000000	0.000000	0.000000	0.000000	0.000000	0.000000	0.000000	0.000000	0.000000	0.000000	0.000000	0.010417	-0.000000	0.000000	-0.000000	0.000000	-0.010417	
 1 	 13	0.000000	0.000000	0.000000	0.000000	0.000000	0.000000	0.000000	0.000000	0.000000	0.000000	0.000000	0.000000	0.000000	0.010417	-0.000000	0.000000	-0.000000	0.000000	-0.010417	
 1 	 14	0.000000	0.000000	0.000000	0.000000	0.000000	0.000000	0.000000	0.000000	0.000000	0.000000	0.000000	0.000000	0.000000	0.010417	-0.000000	0.000000	-0.000000	0.000000	-0.010417	
 1 	 15	0.000000	0.000000	0.000000	0.000000	0.000000	0.000000	0.000000	0.000000	0.000000	0.000000	0.000000	0.000000	0.000000	0.010417	-0.000000	0.000000	-0.000000	0.000000	-0.010417	
 1 	 16	0.000000	0.000000	0.000000	0.000000	0.000000	0.000000	0.000000	0.000000	0.000000	0.000000	0.000000	0.000000	0.000000	0.010417	-0.000000	0.000000	-0.000000	0.000000	-0.010417	
 1 	 17	0.000000	0.000000	0.000000	0.000000	0.000000	0.000000	0.000000	0.000000	0.000000	0.000000	0.000000	0.000000	0.000000	0.010417	-0.000000	0.000000	-0.000000	0.000000	-0.010417	
 1 	 18	0.000000	0.000000	0.000000	0.000000	0.000000	0.000000	0.000000	0.000000	0.000000	0.000000	0.000000	0.000000	0.000000	0.010417	-0.000000	0.000000	-0.000000	0.000000	-0.010417	
 1 	 19	0.000000	0.000000	0.000000	0.000000	0.000000	0.000000	0.000000	0.000000	0.000000	0.000000	0.000000	0.000000	0.000000	0.010417	-0.000000	0.000000	-0.000000	0.000000	-0.010417	
 1 	 20	0.000000	0.000000	0.000000	0.000000	0.000000	0.000000	0.000000	0.000000	0.000000	0.000000	0.000000	0.000000	0.000000	0.010417	-0.000000	0.000000	-0.000000	0.000000	-0.010417	
 1 	 21	0.000000	0.000000	0.000000	0.000000	0.000000	0.000000	0.000000	0.000000	0.000000	0.000000	0.000000	0.000000	0.000000	0.010417	-0.000000	0.000000	-0.000000	0.000000	-0.010417	
 1 	 22	0.000000	0.000000	0.000000	0.000000	0.000000	0.000000	0.000000	0.000000	0.000000	0.000000	0.000000	0.000000	0.000000	0.010417	-0.000000	0.000000	-0.000000	0.000000	-0.010417	
 1 	 23	0.000000	0.000000	0.000000	0.000000	0.000000	0.000000	0.000000	0.000000	0.000000	0.000000	0.000000	0.000000	0.000000	0.010417	-0.000000	0.000000	-0.000000	0.000000	-0.010417	
 1 	 24	0.000000	0.000000	0.000000	0.000000	0.000000	0.000000	0.000000	0.000000	0.000000	0.000000	0.000000	0.000000	0.000000	0.010417	-0.000000	0.000000	-0.000000	0.000000	-0.010417	
 2 	 1	0.000000	0.000000	0.000000	0.000000	0.000000	0.000000	0.000000	0.000000	0.000000	0.000000	0.000000	0.000000	0.000000	0.010417	-0.000000	0.000000	-0.000000	0.000000	-0.010417	
 2 	 2	0.000000	0.000000	0.000000	0.000000	0.000000	0.000000	0.000000	0.000000	0.000000	0.000000	0.000000	0.000000	0.000000	0.010417	-0.000000	0.000000	-0.000000	0.000000	-0.010417	
 2 	 3	0.000000	0.000000	0.000000	0.000000	0.000000	0.000000	0.000000	0.000000	0.000000	0.000000	0.000000	0.000000	0.000000	0.010417	-0.000000	0.000000	-0.000000	0.000000	-0.010417	
 2 	 4	0.000000	0.000000	0.000000	0.000000	0.000000	0.000000	0.000000	0.000000	0.000000	0.000000	0.000000	0.000000	0.000000	0.010417	-0.000000	0.000000	-0.000000	0.000000	-0.010417	
 2 	 5	0.000000	0.000000	0.000000	0.000000	0.000000	0.000000	0.000000	0.000000	0.000000	0.000000	0.000000	0.000000	0.000000	0.010417	-0.000000	0.000000	-0.000000	0.000000	-0.010417	
 2 	 6	0.000000	0.000000	0.000000	0.000000	0.000000	0.000000	0.000000	0.000000	0.000000	0.000000	0.000000	0.000000	0.000000	0.010417	-0.000000	0.000000	-0.000000	0.000000	-0.010417	
 2 	 7	0.000000	0.000000	0.000000	0.000000	0.000000	0.000000	0.000000	0.000000	0.000000	0.000000	0.000000	0.000000	0.000000	0.010417	-0.000000	0.000000	-0.000000	0.000000	-0.010417	
 2 	 8	0.000000	0.000000	0.000000	0.000000	0.000000	0.000000	0.000000	0.000000	0.000000	0.000000	0.000000	0.000000	0.000000	0.010417	-0.000000	0.000000	-0.000000	0.000000	-0.010417	
 2 	 9	0.000000	0.000000	0.000000	0.000000	0.000000	0.000000	0.000000	0.000000	0.000000	0.000000	0.000000	0.000000	0.000000	0.010417	-0.000000	0.000000	-0.000000	0.000000	-0.010417	
 2 	 10	0.000000	0.000000	0.000000	0.000000	0.000000	0.000000	0.000000	0.000000	0.000000	0.000000	0.000000	0.000000	0.000000	0.010417	-0.000000	0.000000	-0.000000	0.000000	-0.010417	
 2 	 11	0.000000	0.000000	0.000000	0.000000	0.000000	0.000000	0.000000	0.000000	0.000000	0.000000	0.000000	0.000000	0.000000	0.010417	-0.000000	0.000000	-0.000000	0.000000	-0.010417	
 2 	 12	0.000000	0.000000	0.000000	0.000000	0.000000	0.000000	0.000000	0.000000	0.000000	0.000000	0.000000	0.000000	0.000000	0.010417	-0.000000	0.000000	-0.000000	0.000000	-0.010417	
 2 	 13	0.000000	0.000000	0.000000	0.000000	0.000000	0.000000	0.000000	0.000000	0.000000	0.000000	0.000000	0.000000	0.000000	0.010417	-0.000000	0.000000	-0.000000	0.000000	-0.010417	
 2 	 14	0.000000	0.000000	0.000000	0.000000	0.000000	0.000000	0.000000	0.000000	0.000000	0.000000	0.000000	0.000000	0.000000	0.010417	-0.000000	0.000000	-0.000000	0.000000	-0.010417	
 2 	 15	0.000000	0.000000	0.000000	0.000000	0.000000	0.000000	0.000000	0.000000	0.000000	0.000000	0.000000	0.000000	0.000000	0.010417	-0.000000	0.000000	-0.000000	0.000000	-0.010417	
 2 	 16	0.000000	0.000000	0.000000	0.000000	0.000000	0.000000	0.000000	0.000000	0.000000	0.000000	0.000000	0.000000	0.000000	0.010417	-0.000000	0.000000	-0.000000	0.000000	-0.010417	
 2 	 17	0.000000	0.000000	0.000000	0.000000	0.000000	0.000000	0.000000	0.000000	0.000000	0.000000	0.000000	0.000000	0.000000	0.010417	-0.000000	0.000000	-0.000000	0.000000	-0.010417	
 2 	 18	0.000000	0.000000	0.000000	0.000000	0.000000	0.000000	0.000000	0.000000	0.000000	0.000000	0.000000	0.000000	0.000000	0.010417	-0.000000	0.000000	-0.000000	0.000000	-0.010417	
 2 	 19	0.000000	0.000000	0.000000	0.000000	0.000000	0.000000	0.000000	0.000000	0.000000	0.000000	0.000000	0.000000	0.000000	0.010417	-0.000000	0.000000	-0.000000	0.000000	-0.010417	
 2 	 20	0.000000	0.000000	0.000000	0.000000	0.000000	0.000000	0.000000	0.000000	0.000000	0.000000	0.000000	0.000000	0.000000	0.010417	-0.000000	0.000000	-0.000000	0.000000	-0.010417	
 2 	 21	0.000000	0.000000	0.000000	0.000000	0.000000	0.000000	0.000000	0.000000	0.000000	0.000000	0.000000	0.000000	0.000000	0.010417	-0.000000	0.000000	-0.000000	0.000000	-0.010417	
 2 	 22	0.000000	0.000000	0.000000	0.000000	0.000000	0.000000	0.000000	0.000000	0.000000	0.000000	0.000000	0.000000	0.000000	0.010417	-0.000000	0.000000	-0.000000	0.000000	-0.010417	
 2 	 23	0.000000	0.000000	0.000000	0.000000	0.000000	0.000000	0.000000	0.000000	0.000000	0.000000	0.000000	0.000000	0.000000	0.010417	-0.000000	0.000000	-0.000000	0.000000	-0.010417	
 2 	 24	0.000000	0.000000	0.000000	0.000000	0.000000	0.000000	0.000000	0.000000	0.000000	0.000000	0.000000	0.000000	0.000000	0.010417	-0.000000	0.000000	-0.000000	0.000000	-0.010417	
 3 	 1	0.000000	0.000000	0.000000	0.000000	0.000000	0.000000	0.000000	0.000000	0.000000	0.000000	0.000000	0.000000	0.000000	0.010417	-0.000000	0.000000	-0.000000	0.000000	-0.010417	
 3 	 2	0.000000	0.000000	0.000000	0.000000	0.000000	0.000000	0.000000	0.000000	0.000000	0.000000	0.000000	0.000000	0.000000	0.010417	-0.000000	0.000000	-0.000000	0.000000	-0.010417	
 3 	 3	0.000000	0.000000	0.000000	0.000000	0.000000	0.000000	0.000000	0.000000	0.000000	0.000000	0.000000	0.000000	0.000000	0.010417	-0.000000	0.000000	-0.000000	0.000000	-0.010417	
 3 	 4	0.000000	0.000000	0.000000	0.000000	0.000000	0.000000	0.000000	0.000000	0.000000	0.000000	0.000000	0.000000	0.000000	0.010417	-0.000000	0.000000	-0.000000	0.000000	-0.010417	
 3 	 5	0.000000	0.000000	0.000000	0.000000	0.000000	0.000000	0.000000	0.000000	0.000000	0.000000	0.000000	0.000000	0.000000	0.010417	-0.000000	0.000000	-0.000000	0.000000	-0.010417	
 3 	 6	0.000000	0.000000	0.000000	0.000000	0.000000	0.000000	0.000000	0.000000	0.000000	0.000000	0.000000	0.000000	0.000000	0.010417	-0.000000	0.000000	-0.000000	0.000000	-0.010417	
 3 	 7	0.000000	0.000000	0.000000	0.000000	0.000000	0.000000	0.000000	0.000000	0.000000	0.000000	0.000000	0.000000	0.000000	0.010417	-0.000000	0.000000	-0.000000	0.000000	-0.010417	
 3 	 8	0.000000	0.000000	0.000000	0.000000	0.000000	0.000000	0.000000	0.000000	0.000000	0.000000	0.000000	0.000000	0.000000	0.010417	-0.000000	0.000000	-0.000000	0.000000	-0.010417	
 3 	 9	0.000000	0.000000	0.000000	0.000000	0.000000	0.000000	0.000000	0.000000	0.000000	0.000000	0.000000	0.000000	0.000000	0.010417	-0.000000	0.000000	-0.000000	0.000000	-0.010417	
 3 	 10	0.000000	0.000000	0.000000	0.000000	0.000000	0.000000	0.000000	0.000000	0.000000	0.000000	0.000000	0.000000	0.000000	0.010417	-0.000000	0.000000	-0.000000	0.000000	-0.010417	
 3 	 11	0.000000	0.000000	0.000000	0.000000	0.000000	0.000000	0.000000	0.000000	0.000000	0.000000	0.000000	0.000000	0.000000	0.010417	-0.000000	0.000000	-0.000000	0.000000	-0.010417	
 3 	 12	0.000000	0.000000	0.000000	0.000000	0.000000	0.000000	0.000000	0.000000	0.000000	0.000000	0.000000	0.000000	0.000000	0.010417	-0.000000	0.000000	-0.000000	0.000000	-0.010417	
 3 	 13	0.000000	0.000000	0.000000	0.000000	0.000000	0.000000	0.000000	0.000000	0.000000	0.000000	0.000000	0.000000	0.000000	0.010417	-0.000000	0.000000	-0.000000	0.000000	-0.010417	
 3 	 14	0.000000	0.000000	0.000000	0.000000	0.000000	0.000000	0.000000	0.000000	0.000000	0.000000	0.000000	0.000000	0.000000	0.010417	-0.000000	0.000000	-0.000000	0.000000	-0.010417	
 3 	 15	0.000000	0.000000	0.000000	0.000000	0.000000	0.000000	0.000000	0.000000	0.000000	0.000000	0.000000	0.000000	0.000000	0.010417	-0.000000	0.000000	-0.000000	0.000000	-0.010417	
 3 	 16	0.000000	0.000000	0.000000	0.000000	0.000000	0.000000	0.000000	0.000000	0.000000	0.000000	0.000000	0.000000	0.000000	0.010417	-0.000000	0.000000	-0.000000	0.000000	-0.010417	
 3 	 17	0.000000	0.000000	0.000000	0.000000	0.000000	0.000000	0.000000	0.000000	0.000000	0.000000	0.000000	0.000000	0.000000	0.010417	-0.000000	0.000000	-0.000000	0.000000	-0.010417	
 3 	 18	0.000000	0.000000	0.000000	0.000000	0.000000	0.000000	0.000000	0.000000	0.000000	0.000000	0.000000	0.000000	0.000000	0.010417	-0.000000	0.000000	-0.000000	0.000000	-0.010417	
 3 	 19	0.000000	0.000000	0.000000	0.000000	0.000000	0.000000	0.000000	0.000000	0.000000	0.000000	0.000000	0.000000	0.000000	0.010417	-0.000000	0.000000	-0.000000	0.000000	-0.010417	
 3 	 20	0.000000	0.000000	0.000000	0.000000	0.000000	0.000000	0.000000	0.000000	0.000000	0.000000	0.000000	0.000000	0.000000	0.010417	-0.000000	0.000000	-0.000000	0.000000	-0.010417	
 3 	 21	0.000000	0.000000	0.000000	0.000000	0.000000	0.000000	0.000000	0.000000	0.000000	0.000000	0.000000	0.000000	0.000000	0.010417	-0.000000	0.000000	-0.000000	0.000000	-0.010417	
 3 	 22	0.000000	0.000000	0.000000	0.000000	0.000000	0.000000	0.000000	0.000000	0.000000	0.000000	0.000000	0.000000	0.000000	0.010417	-0.000000	0.000000	-0.000000	0.000000	-0.010417	
 3 	 23	0.000000	0.000000	0.000000	0.000000	0.000000	0.000000	0.000000	0.000000	0.000000	0.000000	0.000000	0.000000	0.000000	0.010417	-0.000000	0.000000	-0.000000	0.000000	-0.010417	
 3 	 24	0.000000	0.000000	0.000000	0.000000	0.000000	0.000000	0.000000	0.000000	0.000000	0.000000	0.000000	0.000000	0.000000	0.010417	-0.000000	0.000000	-0.000000	0.000000	-0.010417	
 4 	 1	0.000000	0.000000	0.000000	0.000000	0.000000	0.000000	0.000000	0.000000	0.000000	0.000000	0.000000	0.000000	0.000000	0.010417	-0.000000	0.000000	-0.000000	0.000000	-0.010417	
 4 	 2	0.000000	0.000000	0.000000	0.000000	0.000000	0.000000	0.000000	0.000000	0.000000	0.000000	0.000000	0.000000	0.000000	0.010417	-0.000000	0.000000	-0.000000	0.000000	-0.010417	
 4 	 3	0.000000	0.000000	0.000000	0.000000	0.000000	0.000000	0.000000	0.000000	0.000000	0.000000	0.000000	0.000000	0.000000	0.010417	-0.000000	0.000000	-0.000000	0.000000	-0.010417	
 4 	 4	0.000000	0.000000	0.000000	0.000000	0.000000	0.000000	0.000000	0.000000	0.000000	0.000000	0.000000	0.000000	0.000000	0.010417	-0.000000	0.000000	-0.000000	0.000000	-0.010417	
 4 	 5	0.000000	0.000000	0.000000	0.000000	0.000000	0.000000	0.000000	0.000000	0.000000	0.000000	0.000000	0.000000	0.000000	0.010417	-0.000000	0.000000	-0.000000	0.000000	-0.010417	
 4 	 6	0.000000	0.000000	0.000000	0.000000	0.000000	0.000000	0.000000	0.000000	0.000000	0.000000	0.000000	0.000000	0.000000	0.010417	-0.000000	0.000000	-0.000000	0.000000	-0.010417	
 4 	 7	0.000000	0.000000	0.000000	0.000000	0.000000	0.000000	0.000000	0.000000	0.000000	0.000000	0.000000	0.000000	0.000000	0.010417	-0.000000	0.000000	-0.000000	0.000000	-0.010417	
 4 	 8	0.000000	0.000000	0.000000	0.000000	0.000000	0.000000	0.000000	0.000000	0.000000	0.000000	0.000000	0.000000	0.000000	0.010417	-0.000000	0.000000	-0.000000	0.000000	-0.010417	
 4 	 9	0.000000	0.000000	0.000000	0.000000	0.000000	0.000000	0.000000	0.000000	0.000000	0.000000	0.000000	0.000000	0.000000	0.010417	-0.000000	0.000000	-0.000000	0.000000	-0.010417	
 4 	 10	0.000000	0.000000	0.000000	0.000000	0.000000	0.000000	0.000000	0.000000	0.000000	0.000000	0.000000	0.000000	0.000000	0.010417	-0.000000	0.000000	-0.000000	0.000000	-0.010417	
 4 	 11	0.000000	0.000000	0.000000	0.000000	0.000000	0.000000	0.000000	0.000000	0.000000	0.000000	0.000000	0.000000	0.000000	0.010417	-0.000000	0.000000	-0.000000	0.000000	-0.010417	
 4 	 12	0.000000	0.000000	0.000000	0.000000	0.000000	0.000000	0.000000	0.000000	0.000000	0.000000	0.000000	0.000000	0.000000	0.010417	-0.000000	0.000000	-0.000000	0.000000	-0.010417	
 4 	 13	0.000000	0.000000	0.000000	0.000000	0.000000	0.000000	0.000000	0.000000	0.000000	0.000000	0.000000	0.000000	0.000000	0.010417	-0.000000	0.000000	-0.000000	0.000000	-0.010417	
 4 	 14	0.000000	0.000000	0.000000	0.000000	0.000000	0.000000	0.000000	0.000000	0.000000	0.000000	0.000000	0.000000	0.000000	0.010417	-0.000000	0.000000	-0.000000	0.000000	-0.010417	
 4 	 15	0.000000	0.000000	0.000000	0.000000	0.000000	0.000000	0.000000	0.000000	0.000000	0.000000	0.000000	0.000000	0.000000	0.010417	-0.000000	0.000000	-0.000000	0.000000	-0.010417	
 4 	 16	0.000000	0.000000	0.000000	0.000000	0.000000	0.000000	0.000000	0.000000	0.000000	0.000000	0.000000	0.000000	0.000000	0.010417	-0.000000	0.000000	-0.000000	0.000000	-0.010417	
 4 	 17	0.000000	0.000000	0.000000	0.000000	0.000000	0.000000	0.000000	0.000000	0.000000	0.000000	0.000000	0.000000	0.000000	0.010417	-0.000000	0.000000	-0.000000	0.000000	-0.010417	
 4 	 18	0.000000	0.000000	0.000000	0.000000	0.000000	0.000000	0.000000	0.000000	0.000000	0.000000	0.000000	0.000000	0.000000	0.010417	-0.000000	0.000000	-0.000000	0.000000	-0.010417	
 4 	 19	0.000000	0.000000	0.000000	0.000000	0.000000	0.000000	0.000000	0.000000	0.000000	0.000000	0.000000	0.000000	0.000000	0.010417	-0.000000	0.000000	-0.000000	0.000000	-0.010417	
 4 	 20	0.000000	0.000000	0.000000	0.000000	0.000000	0.000000	0.000000	0.000000	0.000000	0.000000	0.000000	0.000000	0.000000	0.010417	-0.000000	0.000000	-0.000000	0.000000	-0.010417	
 4 	 21	0.000000	0.000000	0.000000	0.000000	0.000000	0.000000	0.000000	0.000000	0.000000	0.000000	0.000000	0.000000	0.000000	0.010417	-0.000000	0.000000	-0.000000	0.000000	-0.010417	
 4 	 22	0.000000	0.000000	0.000000	0.000000	0.000000	0.000000	0.000000	0.000000	0.000000	0.000000	0.000000	0.000000	0.000000	0.010417	-0.000000	0.000000	-0.000000	0.000000	-0.010417	
 4 	 23	0.000000	0.000000	0.000000	0.000000	0.000000	0.000000	0.000000	0.000000	0.000000	0.000000	0.000000	0.000000	0.000000	0.010417	-0.000000	0.000000	-0.000000	0.000000	-0.010417	
 4 	 24	0.000000	0.000000	0.000000	0.000000	0.000000	0.000000	0.000000	0.000000	0.000000	0.000000	0.000000	0.000000	0.000000	0.010417	-0.000000	0.000000	-0.000000	0.000000	-0.010417	
 5 	 1	0.000000	0.000000	0.000000	0.000000	0.000000	0.000000	0.000000	0.000000	0.000000	0.000000	0.000000	0.000000	0.000000	0.010417	-0.000000	0.000000	-0.000000	0.000000	-0.010417	
 5 	 2	0.000000	0.000000	0.000000	0.000000	0.000000	0.000000	0.000000	0.000000	0.000000	0.000000	0.000000	0.000000	0.000000	0.010417	-0.000000	0.000000	-0.000000	0.000000	-0.010417	
 5 	 3	0.000000	0.000000	0.000000	0.000000	0.000000	0.000000	0.000000	0.000000	0.000000	0.000000	0.000000	0.000000	0.000000	0.010417	-0.000000	0.000000	-0.000000	0.000000	-0.010417	
 5 	 4	0.000000	0.000000	0.000000	0.000000	0.000000	0.000000	0.000000	0.000000	0.000000	0.000000	0.000000	0.000000	0.000000	0.010417	-0.000000	0.000000	-0.000000	0.000000	-0.010417	
 5 	 5	0.000000	0.000000	0.000000	0.000000	0.000000	0.000000	0.000000	0.000000	0.000000	0.000000	0.000000	0.000000	0.000000	0.010417	-0.000000	0.000000	-0.000000	0.000000	-0.010417	
 5 	 6	0.000000	0.000000	0.000000	0.000000	0.000000	0.000000	0.000000	0.000000	0.000000	0.000000	0.000000	0.000000	0.000000	0.010417	-0.000000	0.000000	-0.000000	0.000000	-0.010417	
 5 	 7	0.000000	0.000000	0.000000	0.000000	0.000000	0.000000	0.000000	0.000000	0.000000	0.000000	0.000000	0.000000	0.000000	0.010417	-0.000000	0.000000	-0.000000	0.000000	-0.010417	
 5 	 8	0.000000	0.000000	0.000000	0.000000	0.000000	0.000000	0.000000	0.000000	0.000000	0.000000	0.000000	0.000000	0.000000	0.010417	-0.000000	0.000000	-0.000000	0.000000	-0.010417	
 5 	 9	0.000000	0.000000	0.000000	0.000000	0.000000	0.000000	0.000000	0.000000	0.000000	0.000000	0.000000	0.000000	0.000000	0.010417	-0.000000	0.000000	-0.000000	0.000000	-0.010417	
 5 	 10	0.000000	0.000000	0.000000	0.000000	0.000000	0.000000	0.000000	0.000000	0.000000	0.000000	0.000000	0.000000	0.000000	0.010417	-0.000000	0.000000	-0.000000	0.000000	-0.010417	
 5 	 11	0.000000	0.000000	0.000000	0.000000	0.000000	0.000000	0.000000	0.000000	0.000000	0.000000	0.000000	0.000000	0.000000	0.010417	-0.000000	0.000000	-0.000000	0.000000	-0.010417	
 5 	 12	0.000000	0.000000	0.000000	0.000000	0.000000	0.000000	0.000000	0.000000	0.000000	0.000000	0.000000	0.000000	0.000000	0.010417	-0.000000	0.000000	-0.000000	0.000000	-0.010417	
 5 	 13	0.000000	0.000000	0.000000	0.000000	0.000000	0.000000	0.000000	0.000000	0.000000	0.000000	0.000000	0.000000	0.000000	0.010417	-0.000000	0.000000	-0.000000	0.000000	-0.010417	
 5 	 14	0.000000	0.000000	0.000000	0.000000	0.000000	0.000000	0.000000	0.000000	0.000000	0.000000	0.000000	0.000000	0.000000	0.010417	-0.000000	0.000000	-0.000000	0.000000	-0.010417	
 5 	 15	0.000000	0.000000	0.000000	0.000000	0.000000	0.000000	0.000000	0.000000	0.000000	0.000000	0.000000	0.000000	0.000000	0.010417	-0.000000	0.000000	-0.000000	0.000000	-0.010417	
 5 	 16	0.000000	0.000000	0.000000	0.000000	0.000000	0.000000	0.000000	0.000000	0.000000	0.000000	0.000000	0.000000	0.000000	0.010417	-0.000000	0.000000	-0.000000	0.000000	-0.010417	
 5 	 17	0.000000	0.000000	0.000000	0.000000	0.000000	0.000000	0.000000	0.000000	0.000000	0.000000	0.000000	0.000000	0.000000	0.010417	-0.000000	0.000000	-0.000000	0.000000	-0.010417	
 5 	 18	0.000000	0.000000	0.000000	0.000000	0.000000	0.000000	0.000000	0.000000	0.000000	0.000000	0.000000	0.000000	0.000000	0.010417	-0.000000	0.000000	-0.000000	0.000000	-0.010417	
 5 	 19	0.000000	0.000000	0.000000	0.000000	0.000000	0.000000	0.000000	0.000000	0.000000	0.000000	0.000000	0.000000	0.000000	0.010417	-0.000000	0.000000	-0.000000	0.000000	-0.010417	
 5 	 20	0.000000	0.000000	0.000000	0.000000	0.000000	0.000000	0.000000	0.000000	0.000000	0.000000	0.000000	0.000000	0.000000	0.010417	-0.000000	0.000000	-0.000000	0.000000	-0.010417	
 5 	 21	0.000000	0.000000	0.000000	0.000000	0.000000	0.000000	0.000000	0.000000	0.000000	0.000000	0.000000	0.000000	0.000000	0.010417	-0.000000	0.000000	-0.000000	0.000000	-0.010417	
 5 	 22	0.000000	0.000000	0.000000	0.000000	0.000000	0.000000	0.000000	0.000000	0.000000	0.000000	0.000000	0.000000	0.000000	0.010417	-0.000000	0.000000	-0.000000	0.000000	-0.010417	
 5 	 23	0.000000	0.000000	0.000000	0.000000	0.000000	0.000000	0.000000	0.000000	0.000000	0.000000	0.000000	0.000000	0.000000	0.010417	-0.000000	0.000000	-0.000000	0.000000	-0.010417	
 5 	 24	0.000000	0.000000	0.000000	0.000000	0.000000	0.000000	0.000000	0.000000	0.000000	0.000000	0.000000	0.000000	0.000000	0.010417	-0.000000	0.000000	-0.000000	0.000000	-0.010417	
 6 	 1	0.000000	0.000000	0.000000	0.000000	0.000000	0.000000	0.000000	0.000000	0.000000	0.000000	0.000000	0.000000	0.000000	0.010417	-0.000000	0.000000	-0.000000	0.000000	-0.010417	
 6 	 2	0.000000	0.000000	0.000000	0.000000	0.000000	0.000000	0.000000	0.000000	0.000000	0.000000	0.000000	0.000000	0.000000	0.010417	-0.000000	0.000000	-0.000000	0.000000	-0.010417	
 6 	 3	0.000000	0.000000	0.000000	0.000000	0.000000	0.000000	0.000000	0.000000	0.000000	0.000000	0.000000	0.000000	0.000000	0.010417	-0.000000	0.000000	-0.000000	0.000000	-0.010417	
 6 	 4	0.000000	0.000000	0.000000	0.000000	0.000000	0.000000	0.000000	0.000000	0.000000	0.000000	0.000000	0.000000	0.000000	0.010417	-0.000000	0.000000	-0.000000	0.000000	-0.010417	
 6 	 5	0.000000	0.000000	0.000000	0.000000	0.000000	0.000000	0.000000	0.000000	0.000000	0.000000	0.000000	0.000000	0.000000	0.010417	-0.000000	0.000000	-0.000000	0.000000	-0.010417	
 6 	 6	0.000000	0.000000	0.000000	0.000000	0.000000	0.000000	0.000000	0.000000	0.000000	0.000000	0.000000	0.000000	0.000000	0.010417	-0.000000	0.000000	-0.000000	0.000000	-0.010417	
 6 	 7	0.000000	0.000000	0.000000	0.000000	0.000000	0.000000	0.000000	0.000000	0.000000	0.000000	0.000000	0.000000	0.000000	0.010417	-0.000000	0.000000	-0.000000	0.000000	-0.010417	
 6 	 8	0.000000	0.000000	0.000000	0.000000	0.000000	0.000000	0.000000	0.000000	0.000000	0.000000	0.000000	0.000000	0.000000	0.010417	-0.000000	0.000000	-0.000000	0.000000	-0.010417	
 6 	 9	0.000000	0.000000	0.000000	0.000000	0.000000	0.000000	0.000000	0.000000	0.000000	0.000000	0.000000	0.000000	0.000000	0.010417	-0.000000	0.000000	-0.000000	0.000000	-0.010417	
 6 	 10	0.000000	0.000000	0.000000	0.000000	0.000000	0.000000	0.000000	0.000000	0.000000	0.000000	0.000000	0.000000	0.000000	0.010417	-0.000000	0.000000	-0.000000	0.000000	-0.010417	
 6 	 11	0.000000	0.000000	0.000000	0.000000	0.000000	0.000000	0.000000	0.000000	0.000000	0.000000	0.000000	0.000000	0.000000	0.010417	-0.000000	0.000000	-0.000000	0.000000	-0.010417	
 6 	 12	0.000000	0.000000	0.000000	0.000000	0.000000	0.000000	0.000000	0.000000	0.000000	0.000000	0.000000	0.000000	0.000000	0.010417	-0.000000	0.000000	-0.000000	0.000000	-0.010417	
 6 	 13	0.000000	0.000000	0.000000	0.000000	0.000000	0.000000	0.000000	0.000000	0.000000	0.000000	0.000000	0.000000	0.000000	0.010417	-0.000000	0.000000	-0.000000	0.000000	-0.010417	
 6 	 14	0.000000	0.000000	0.000000	0.000000	0.000000	0.000000	0.000000	0.000000	0.000000	0.000000	0.000000	0.000000	0.000000	0.010417	-0.000000	0.000000	-0.000000	0.000000	-0.010417	
 6 	 15	0.000000	0.000000	0.000000	0.000000	0.000000	0.000000	0.000000	0.000000	0.000000	0.000000	0.000000	0.000000	0.000000	0.010417	-0.000000	0.000000	-0.000000	0.000000	-0.010417	
 6 	 16	0.000000	0.000000	0.000000	0.000000	0.000000	0.000000	0.000000	0.000000	0.000000	0.000000	0.000000	0.000000	0.000000	0.010417	-0.000000	0.000000	-0.000000	0.000000	-0.010417	
 6 	 17	0.000000	0.000000	0.000000	0.000000	0.000000	0.000000	0.000000	0.000000	0.000000	0.000000	0.000000	0.000000	0.000000	0.010417	-0.000000	0.000000	-0.000000	0.000000	-0.010417	
 6 	 18	0.000000	0.000000	0.000000	0.000000	0.000000	0.000000	0.000000	0.000000	0.000000	0.000000	0.000000	0.000000	0.000000	0.010417	-0.000000	0.000000	-0.000000	0.000000	-0.010417	
 6 	 19	0.000000	0.000000	0.000000	0.000000	0.000000	0.000000	0.000000	0.000000	0.000000	0.000000	0.000000	0.000000	0.000000	0.010417	-0.000000	0.000000	-0.000000	0.000000	-0.010417	
 6 	 20	0.000000	0.000000	0.000000	0.000000	0.000000	0.000000	0.000000	0.000000	0.000000	0.000000	0.000000	0.000000	0.000000	0.010417	-0.000000	0.000000	-0.000000	0.000000	-0.010417	
 6 	 21	0.000000	0.000000	0.000000	0.000000	0.000000	0.000000	0.000000	0.000000	0.000000	0.000000	0.000000	0.000000	0.000000	0.010417	-0.000000	0.000000	-0.000000	0.000000	-0.010417	
 6 	 22	0.000000	0.000000	0.000000	0.000000	0.000000	0.000000	0.000000	0.000000	0.000000	0.000000	0.000000	0.000000	0.000000	0.010417	-0.000000	0.000000	-0.000000	0.000000	-0.010417	
 6 	 23	0.000000	0.000000	0.000000	0.000000	0.000000	0.000000	0.000000	0.000000	0.000000	0.000000	0.000000	0.000000	0.000000	0.010417	-0.000000	0.000000	-0.000000	0.000000	-0.010417	
 6 	 24	0.000000	0.000000	0.000000	0.000000	0.000000	0.000000	0.000000	0.000000	0.000000	0.000000	0.000000	0.000000	0.000000	0.010417	-0.000000	0.000000	-0.000000	0.000000	-0.010417	
 7 	 1	0.000000	0.000000	0.000000	0.000000	0.000000	0.000000	0.000000	0.000000	0.000000	0.000000	0.000000	0.000000	0.000000	0.010417	-0.000000	0.000000	-0.000000	0.000000	-0.010417	
 7 	 2	0.000000	0.000000	0.000000	0.000000	0.000000	0.000000	0.000000	0.000000	0.000000	0.000000	0.000000	0.000000	0.000000	0.010417	-0.000000	0.000000	-0.000000	0.000000	-0.010417	
 7 	 3	0.000000	0.000000	0.000000	0.000000	0.000000	0.000000	0.000000	0.000000	0.000000	0.000000	0.000000	0.000000	0.000000	0.010417	-0.000000	0.000000	-0.000000	0.000000	-0.010417	
 7 	 4	0.000000	0.000000	0.000000	0.000000	0.000000	0.000000	0.000000	0.000000	0.000000	0.000000	0.000000	0.000000	0.000000	0.010417	-0.000000	0.000000	-0.000000	0.000000	-0.010417	
 7 	 5	0.000000	0.000000	0.000000	0.000000	0.000000	0.000000	0.000000	0.000000	0.000000	0.000000	0.000000	0.000000	0.000000	0.010417	-0.000000	0.000000	-0.000000	0.000000	-0.010417	
 7 	 6	0.000000	0.000000	0.000000	0.000000	0.000000	0.000000	0.000000	0.000000	0.000000	0.000000	0.000000	0.000000	0.000000	0.010417	-0.000000	0.000000	-0.000000	0.000000	-0.010417	
 7 	 7	0.000000	0.000000	0.000000	0.000000	0.000000	0.000000	0.000000	0.000000	0.000000	0.000000	0.000000	0.000000	0.000000	0.010417	-0.000000	0.000000	-0.000000	0.000000	-0.010417	
 7 	 8	0.000000	0.000000	0.000000	0.000000	0.000000	0.000000	0.000000	0.000000	0.000000	0.000000	0.000000	0.000000	0.000000	0.010417	-0.000000	0.000000	-0.000000	0.000000	-0.010417	
 7 	 9	0.000000	0.000000	0.000000	0.000000	0.000000	0.000000	0.000000	0.000000	0.000000	0.000000	0.000000	0.000000	0.000000	0.010417	-0.000000	0.000000	-0.000000	0.000000	-0.010417	
 7 	 10	0.000000	0.000000	0.000000	0.000000	0.000000	0.000000	0.000000	0.000000	0.000000	0.000000	0.000000	0.000000	0.000000	0.010417	-0.000000	0.000000	-0.000000	0.000000	-0.010417	
 7 	 11	0.000000	0.000000	0.000000	0.000000	0.000000	0.000000	0.000000	0.000000	0.000000	0.000000	0.000000	0.000000	0.000000	0.010417	-0.000000	0.000000	-0.000000	0.000000	-0.010417	
 7 	 12	0.000000	0.000000	0.000000	0.000000	0.000000	0.000000	0.000000	0.000000	0.000000	0.000000	0.000000	0.000000	0.000000	0.010417	-0.000000	0.000000	-0.000000	0.000000	-0.010417	
 7 	 13	0.000000	0.000000	0.000000	0.000000	0.000000	0.000000	0.000000	0.000000	0.000000	0.000000	0.000000	0.000000	0.000000	0.010417	-0.000000	0.000000	-0.000000	0.000000	-0.010417	
 7 	 14	0.000000	0.000000	0.000000	0.000000	0.000000	0.000000	0.000000	0.000000	0.000000	0.000000	0.000000	0.000000	0.000000	0.010417	-0.000000	0.000000	-0.000000	0.000000	-0.010417	
 7 	 15	0.000000	0.000000	0.000000	0.000000	0.000000	0.000000	0.000000	0.000000	0.000000	0.000000	0.000000	0.000000	0.000000	0.010417	-0.000000	0.000000	-0.000000	0.000000	-0.010417	
 7 	 16	0.000000	0.000000	0.000000	0.000000	0.000000	0.000000	0.000000	0.000000	0.000000	0.000000	0.000000	0.000000	0.000000	0.010417	-0.000000	0.000000	-0.000000	0.000000	-0.010417	
 7 	 17	0.000000	0.000000	0.000000	0.000000	0.000000	0.000000	0.000000	0.000000	0.000000	0.000000	0.000000	0.000000	0.000000	0.010417	-0.000000	0.000000	-0.000000	0.000000	-0.010417	
 7 	 18	0.000000	0.000000	0.000000	0.000000	0.000000	0.000000	0.000000	0.000000	0.000000	0.000000	0.000000	0.000000	0.000000	0.010417	-0.000000	0.000000	-0.000000	0.000000	-0.010417	
 7 	 19	0.000000	0.000000	0.000000	0.000000	0.000000	0.000000	0.000000	0.000000	0.000000	0.000000	0.000000	0.000000	0.000000	0.010417	-0.000000	0.000000	-0.000000	0.000000	-0.010417	
 7 	 20	0.000000	0.000000	0.000000	0.000000	0.000000	0.000000	0.000000	0.000000	0.000000	0.000000	0.000000	0.000000	0.000000	0.010417	-0.000000	0.000000	-0.000000	0.000000	-0.010417	
 7 	 21	0.000000	0.000000	0.000000	0.000000	0.000000	0.000000	0.000000	0.000000	0.000000	0.000000	0.000000	0.000000	0.000000	0.010417	-0.000000	0.000000	-0.000000	0.000000	-0.010417	
 7 	 22	0.000000	0.000000	0.000000	0.000000	0.000000	0.000000	0.000000	0.000000	0.000000	0.000000	0.000000	0.000000	0.000000	0.010417	-0.000000	0.000000	-0.000000	0.000000	-0.010417	
 7 	 23	0.000000	0.000000	0.000000	0.000000	0.000000	0.000000	0.000000	0.000000	0.000000	0.000000	0.000000	0.000000	0.000000	0.010417	-0.000000	0.000000	-0.000000	0.000000	-0.010417	
 7 	 24	0.000000	0.000000	0.000000	0.000000	0.000000	0.000000	0.000000	0.000000	0.000000	0.000000	0.000000	0.000000	0.000000	0.010417	-0.000000	0.000000	-0.000000	0.000000	-0.010417	
 8 	 1	0.000000	0.000000	0.000000	0.000000	0.000000	0.000000	0.000000	0.000000	0.000000	0.000000	0.000000	0.000000	0.000000	0.010417	-0.000000	0.000000	-0.000000	0.000000	-0.010417	
 8 	 2	0.000000	0.000000	0.000000	0.000000	0.000000	0.000000	0.000000	0.000000	0.000000	0.000000	0.000000	0.000000	0.000000	0.010417	-0.000000	0.000000	-0.000000	0.000000	-0.010417	
 8 	 3	0.000000	0.000000	0.000000	0.000000	0.000000	0.000000	0.000000	0.000000	0.000000	0.000000	0.000000	0.000000	0.000000	0.010417	-0.000000	0.000000	-0.000000	0.000000	-0.010417	
 8 	 4	0.000000	0.000000	0.000000	0.000000	0.000000	0.000000	0.000000	0.000000	0.000000	0.000000	0.000000	0.000000	0.000000	0.010417	-0.000000	0.000000	-0.000000	0.000000	-0.010417	
 8 	 5	0.000000	0.000000	0.000000	0.000000	0.000000	0.000000	0.000000	0.000000	0.000000	0.000000	0.000000	0.000000	0.000000	0.010417	-0.000000	0.000000	-0.000000	0.000000	-0.010417	
 8 	 6	0.000000	0.000000	0.000000	0.000000	0.000000	0.000000	0.000000	0.000000	0.000000	0.000000	0.000000	0.000000	0.000000	0.010417	-0.000000	0.000000	-0.000000	0.000000	-0.010417	
 8 	 7	0.000000	0.000000	0.000000	0.000000	0.000000	0.000000	0.000000	0.000000	0.000000	0.000000	0.000000	0.000000	0.000000	0.010417	-0.000000	0.000000	-0.000000	0.000000	-0.010417	
 8 	 8	0.000000	0.000000	0.000000	0.000000	0.000000	0.000000	0.000000	0.000000	0.000000	0.000000	0.000000	0.000000	0.000000	0.010417	-0.000000	0.000000	-0.000000	0.000000	-0.010417	
 8 	 9	0.000000	0.000000	0.000000	0.000000	0.000000	0.000000	0.000000	0.000000	0.000000	0.000000	0.000000	0.000000	0.000000	0.010417	-0.000000	0.000000	-0.000000	0.000000	-0.010417	
 8 	 10	0.000000	0.000000	0.000000	0.000000	0.000000	0.000000	0.000000	0.000000	0.000000	0.000000	0.000000	0.000000	0.000000	0.010417	-0.000000	0.000000	-0.000000	0.000000	-0.010417	
 8 	 11	0.000000	0.000000	0.000000	0.000000	0.000000	0.000000	0.000000	0.000000	0.000000	0.000000	0.000000	0.000000	0.000000	0.010417	-0.000000	0.000000	-0.000000	0.000000	-0.010417	
 8 	 12	0.000000	0.000000	0.000000	0.000000	0.000000	0.000000	0.000000	0.000000	0.000000	0.000000	0.000000	0.000000	0.000000	0.010417	-0.000000	0.000000	-0.000000	0.000000	-0.010417	
 8 	 13	0.000000	0.000000	0.000000	0.000000	0.000000	0.000000	0.000000	0.000000	0.000000	0.000000	0.000000	0.000000	0.000000	0.010417	-0.000000	0.000000	-0.000000	0.000000	-0.010417	
 8 	 14	0.000000	0.000000	0.000000	0.000000	0.000000	0.000000	0.000000	0.000000	0.000000	0.000000	0.000000	0.000000	0.000000	0.010417	-0.000000	0.000000	-0.000000	0.000000	-0.010417	
 8 	 15	0.000000	0.000000	0.000000	0.000000	0.000000	0.000000	0.000000	0.000000	0.000000	0.000000	0.000000	0.000000	0.000000	0.010417	-0.000000	0.000000	-0.000000	0.000000	-0.010417	
 8 	 16	0.000000	0.000000	0.000000	0.000000	0.000000	0.000000	0.000000	0.000000	0.000000	0.000000	0.000000	0.000000	0.000000	0.010417	-0.000000	0.000000	-0.000000	0.000000	-0.010417	
 8 	 17	0.000000	0.000000	0.000000	0.000000	0.000000	0.000000	0.000000	0.000000	0.000000	0.000000	0.000000	0.000000	0.000000	0.010417	-0.000000	0.000000	-0.000000	0.000000	-0.010417	
 8 	 18	0.000000	0.000000	0.000000	0.000000	0.000000	0.000000	0.000000	0.000000	0.000000	0.000000	0.000000	0.000000	0.000000	0.010417	-0.000000	0.000000	-0.000000	0.000000	-0.010417	
 8 	 19	0.000000	0.000000	0.000000	0.000000	0.000000	0.000000	0.000000	0.000000	0.000000	0.000000	0.000000	0.000000	0.000000	0.010417	-0.000000	0.000000	-0.000000	0.000000	-0.010417	
 8 	 20	0.000000	0.000000	0.000000	0.000000	0.000000	0.000000	0.000000	0.000000	0.000000	0.000000	0.000000	0.000000	0.000000	0.010417	-0.000000	0.000000	-0.000000	0.000000	-0.010417	
 8 	 21	0.000000	0.000000	0.000000	0.000000	0.000000	0.000000	0.000000	0.000000	0.000000	0.000000	0.000000	0.000000	0.000000	0.010417	-0.000000	0.000000	-0.000000	0.000000	-0.010417	
 8 	 22	0.000000	0.000000	0.000000	0.000000	0.000000	0.000000	0.000000	0.000000	0.000000	0.000000	0.000000	0.000000	0.000000	0.010417	-0.000000	0.000000	-0.000000	0.000000	-0.010417	
 8 	 23	0.000000	0.000000	0.000000	0.000000	0.000000	0.000000	0.000000	0.000000	0.000000	0.000000	0.000000	0.000000	0.000000	0.010417	-0.000000	0.000000	-0.000000	0.000000	-0.010417	
 8 	 24	0.000000	0.000000	0.000000	0.000000	0.000000	0.000000	0.000000	0.000000	0.000000	0.000000	0.000000	0.000000	0.000000	0.010417	-0.000000	0.000000	-0.000000	0.000000	-0.010417	