TECHNOLOGIES	 c_inv	 c_maint	 lifetime	  f_min	 f	 f_max	 fmin_perc	f_perc	 fmax_perc	 c_p	 c_p_max	 tau	 gwp_constr
 UNITS	[MCHCapitalf/GW]	 [MCHCapitalf/GW]	 [y]	 [GW or GWh]	 [GW or GWh]	 [GW or GWh]	 [0-1]	 [0-1]	 [0-1]	 [0-1]	 [0-1]	 [-]	 [ktCO2-eq./GW or GWh] 
HYDRO	4000.000000	800.000000	25.000000	0.000000	16.000000	16.000000	0.000000	0.007637	1.000000	0.004452	1.000000	0.048263	8000.000000	
THERMAL	0.000000	0.000000	60.000000	0.000000	0.000000	1000000000.000000	0.000000	0.000000	1.000000	0.000000	0.850000	0.025393	0.000000	
IPP_SOLAR	1031556.680162	103155.668016	20.000000	0.000000	2063.113360	10000.000000	0.000000	0.984726	1.000000	0.004452	1.000000	0.058246	515778.340081	
PV	0.000000	0.000000	25.000000	0.000000	0.000000	2.650000	0.000000	0.000000	1.000000	0.000000	1.000000	0.048263	0.000000	
WIND_ONSHORE	0.000000	0.000000	30.000000	0.000000	0.000000	0.550000	0.000000	0.000000	1.000000	0.000000	1.000000	0.041639	0.000000	
HYDRO_RIVER	4000.000000	800.000000	25.000000	0.000000	16.000000	16.000000	0.000000	0.007637	1.000000	0.004452	1.000000	0.048263	8000.000000	
BESS	4126226.720648	412622.672065	20.000000	0.000000	8252.453441	10000.000000	0.000000	-1.000000	1.000000	0.001130	1.000000	0.058246	
DIESEL_STORAGE	0.000000	0.000000	20.000000	0.000000	0.000000	10000.000000	0.000000	-1.000000	1.000000	0.000000	1.000000	0.058246	
GRID	250.000000	50.000000	25.000000	0.000000	1.000000	16.000000	0.000000	-1.000000	1.000000	0.004452	1.000000	0.048263	